
Results:
- F-score (micro) 0.968
- F-score (macro) 0.8809
- Accuracy 0.968

By class:
              precision    recall  f1-score   support

      N_SING     0.9738    0.9628    0.9683     30553
           P     0.9586    0.9949    0.9764      9951
        DELM     0.9965    0.9899    0.9932      8122
         ADJ     0.9181    0.9349    0.9264      7466
         CON     0.9930    0.9809    0.9869      6823
        N_PL     0.9778    0.9644    0.9710      5163
        V_PA     0.9780    0.9753    0.9766      2873
       V_PRS     0.9860    0.9923    0.9891      2841
         NUM     0.9929    0.9982    0.9955      2232
         PRO     0.9733    0.9517    0.9624      2258
         DET     0.9531    0.9660    0.9595      1853
      CLITIC     1.0000    1.0000    1.0000      1259
        V_PP     0.9724    0.9750    0.9737      1158
       V_SUB     0.9713    0.9534    0.9623      1031
         ADV     0.7812    0.8239    0.8020       880
    ADV_TIME     0.9214    0.9591    0.9399       489
       V_AUX     0.9844    0.9974    0.9908       379
     ADJ_SUP     0.9887    0.9704    0.9794       270
    ADJ_CMPR     0.9254    0.9637    0.9442       193
     ADJ_INO     0.7987    0.7083    0.7508       168
     ADV_NEG     0.9265    0.8456    0.8842       149
       ADV_I     0.8857    0.8857    0.8857       140
          FW     0.6724    0.6341    0.6527       123
    ADV_COMP     0.8022    0.9605    0.8743        76
     ADV_LOC     0.9861    0.9726    0.9793        73
       V_IMP     0.7121    0.8393    0.7705        56
        PREV     0.8529    0.9062    0.8788        32
         INT     0.6667    0.5000    0.5714        24
       N_VOC     0.0000    0.0000    0.0000         0

   micro avg     0.9680    0.9680    0.9680     86635
   macro avg     0.8810    0.8830    0.8809     86635
weighted avg     0.9683    0.9680    0.9681     86635
 samples avg     0.9680    0.9680    0.9680     86635

Loss: 0.5526355504989624'