
Results:
- F-score (micro) 0.9665
- F-score (macro) 0.866
- Accuracy 0.9665

By class:
              precision    recall  f1-score   support

      N_SING     0.9732    0.9619    0.9675     30553
           P     0.9566    0.9939    0.9749      9951
        DELM     0.9953    0.9873    0.9913      8122
         ADJ     0.9199    0.9356    0.9277      7466
         CON     0.9924    0.9798    0.9861      6823
        N_PL     0.9775    0.9611    0.9692      5163
        V_PA     0.9793    0.9739    0.9766      2873
       V_PRS     0.9839    0.9926    0.9883      2841
         PRO     0.9623    0.9504    0.9563      2258
         NUM     0.9902    0.9973    0.9937      2232
         DET     0.9539    0.9611    0.9575      1853
      CLITIC     1.0000    1.0000    1.0000      1259
        V_PP     0.9740    0.9698    0.9719      1158
       V_SUB     0.9658    0.9593    0.9625      1031
         ADV     0.7667    0.8068    0.7863       880
    ADV_TIME     0.9027    0.9489    0.9252       489
       V_AUX     0.9793    0.9974    0.9882       379
     ADJ_SUP     0.9741    0.9741    0.9741       270
    ADJ_CMPR     0.8852    0.9585    0.9204       193
     ADJ_INO     0.7770    0.6845    0.7278       168
     ADV_NEG     0.9065    0.8456    0.8750       149
       ADV_I     0.8696    0.8571    0.8633       140
          FW     0.6609    0.6179    0.6387       123
    ADV_COMP     0.8000    0.9474    0.8675        76
     ADV_LOC     0.9589    0.9589    0.9589        73
       V_IMP     0.6667    0.7143    0.6897        56
        PREV     0.8667    0.8125    0.8387        32
         INT     0.3871    0.5000    0.4364        24
       N_VOC     0.0000    0.0000    0.0000         0

   micro avg     0.9665    0.9665    0.9665     86635
   macro avg     0.8630    0.8706    0.8660     86635
weighted avg     0.9668    0.9665    0.9665     86635
 samples avg     0.9665    0.9665    0.9665     86635

Loss: 0.5479494333267212'