
Results:
- F-score (micro) 0.9471
- F-score (macro) 0.7202
- Accuracy 0.9471

By class:
              precision    recall  f1-score   support

      N_SING     0.9477    0.9537    0.9507     89544
           P     0.9868    0.9901    0.9884     31278
        DELM     0.9826    0.9809    0.9818     25064
     ADJ_SIM     0.9012    0.8820    0.8915     23695
         CON     0.9663    0.9686    0.9674     21402
        N_PL     0.9271    0.9338    0.9304     16209
       V_PRS     0.9400    0.9305    0.9352      6604
         PRO     0.9462    0.9407    0.9435      5501
        V_PA     0.8942    0.9348    0.9140      5197
       V_PRE     0.9949    0.9872    0.9911      4546
         DET     0.9506    0.9514    0.9510      3968
       V_SUB     0.9289    0.9703    0.9492      3463
     ADJ_INO     0.9193    0.8333    0.8742      2597
      ADV_NI     0.7905    0.8448    0.8167      2068
         QUA     0.9180    0.8552    0.8855      1740
       V_AUX     0.8797    0.9088    0.8940      1513
          AR     0.8546    0.9251    0.8884      1175
    ADJ_CMPR     0.9121    0.8755    0.8934       924
     ADJ_SUP     0.9109    0.9202    0.9155       589
     ADJ_ORD     0.9539    0.8907    0.9212       558
    ADV_TIME     0.7934    0.7814    0.7874       526
     ADV_EXM     0.8228    0.8364    0.8296       483
          IF     0.9421    0.9526    0.9474       359
        SPEC     0.7829    0.7126    0.7461       334
       ADV_I     0.8824    0.8219    0.8511       146
         ADV     0.8559    0.5723    0.6859       166
    ADV_NEGG     0.6600    0.8390    0.7388       118
        MORP     0.7500    0.7500    0.7500       132
          MS     0.0000    0.0000    0.0000       198
          PP     0.9041    0.7952    0.8462        83
       V_IMP     0.9091    0.5263    0.6667        76
        MQUA     0.9375    0.1875    0.3125        80
          PS     0.6364    0.4516    0.5283        31
          OH     0.9167    0.9167    0.9167        12
     DEFAULT     0.0000    0.0000    0.0000        19
          NP     0.0000    0.0000    0.0000        10
         OHH     0.0000    0.0000    0.0000         5
         INT     0.0000    0.0000    0.0000         2
         ADJ     0.0000    0.0000    0.0000         1

   micro avg     0.9471    0.9471    0.9471    250416
   macro avg     0.7512    0.7082    0.7202    250416
weighted avg     0.9463    0.9471    0.9465    250416
 samples avg     0.9471    0.9471    0.9471    250416

Loss: 0.21348881721496582'