
Results:
- F-score (micro) 0.9675
- F-score (macro) 0.6212
- Accuracy 0.9675

By class:
              precision    recall  f1-score   support

      N_SING     0.9831    0.9738    0.9784     91389
           P     0.9868    0.9959    0.9913     30308
        DELM     0.9968    1.0000    0.9984     24897
         CON     0.9861    0.9923    0.9892     22071
     ADJ_SIM     0.9253    0.9482    0.9366     19637
        N_PL     0.9755    0.9869    0.9812     14134
        V_PA     0.9855    0.9225    0.9530     10079
         PRO     0.9700    0.9715    0.9708      7413
       V_PRS     0.9520    0.9901    0.9706      5643
         DET     0.9434    0.9751    0.9590      4615
       V_PRE     0.9846    0.9853    0.9849      4280
       V_SUB     0.9268    0.9841    0.9546      3719
     ADJ_INO     0.7789    0.9758    0.8663      2567
      ADV_NI     0.8265    0.7851    0.8053      2871
         QUA     0.8532    0.9358    0.8926      1590
       V_AUX     0.9470    0.8322    0.8859      1460
    ADV_TIME     0.6581    0.9449    0.7759       817
     ADJ_ORD     0.7152    0.8762    0.7875       808
          AR     0.9922    0.6537    0.7882       979
    ADJ_CMPR     0.8748    0.9555    0.9134       607
     ADJ_SUP     0.7805    0.9982    0.8760       552
          IF     0.6967    0.9896    0.8177       383
        SPEC     0.7940    0.3779    0.5121       561
     ADV_EXM     0.8165    0.9083    0.8599       338
        MORP     0.8622    0.7552    0.8051       290
       ADV_I     0.9457    0.5118    0.6641       340
    ADV_NEGG     0.9236    0.5496    0.6891       242
         ADV     0.0000    0.0000    0.0000       223
       V_IMP     0.0000    0.0000    0.0000       208
          PP     0.0000    0.0000    0.0000       141
          OH     0.0000    0.0000    0.0000        55
          PS     0.0000    0.0000    0.0000        49
     DEFAULT     0.0000    0.0000    0.0000        48
         INT     0.0000    0.0000    0.0000        33
        MQUA     0.0000    0.0000    0.0000        17
          NP     0.0000    0.0000    0.0000         3
          NN     0.0000    0.0000    0.0000         2
         ADJ     0.0000    0.0000    0.0000         1

   micro avg     0.9675    0.9675    0.9675    253370
   macro avg     0.6337    0.6257    0.6212    253370
weighted avg     0.9659    0.9675    0.9659    253370
 samples avg     0.9675    0.9675    0.9675    253370

Loss: 0.13768933713436127'