
Results:
- F-score (micro) 0.9751
- F-score (macro) 0.784
- Accuracy 0.9751

By class:
              precision    recall  f1-score   support

      N_SING     0.9848    0.9768    0.9808     91389
           P     0.9900    0.9955    0.9928     30308
        DELM     0.9976    1.0000    0.9988     24897
         CON     0.9877    0.9895    0.9886     22071
     ADJ_SIM     0.9283    0.9521    0.9400     19637
        N_PL     0.9819    0.9924    0.9871     14134
        V_PA     0.9847    0.9516    0.9679     10079
         PRO     0.9749    0.9745    0.9747      7413
       V_PRS     0.9818    0.9770    0.9794      5643
         DET     0.9545    0.9731    0.9637      4615
       V_PRE     0.9939    0.9925    0.9932      4280
       V_SUB     0.9843    0.9788    0.9815      3719
     ADJ_INO     0.8359    0.9583    0.8929      2567
      ADV_NI     0.8825    0.8008    0.8397      2871
         QUA     0.9125    0.9314    0.9219      1590
       V_AUX     0.9042    0.9438    0.9236      1460
          AR     0.9711    0.9622    0.9666       979
    ADV_TIME     0.8864    0.9364    0.9107       817
     ADJ_ORD     0.9500    0.8700    0.9083       808
    ADJ_CMPR     0.9167    0.9605    0.9381       607
     ADJ_SUP     0.8300    0.9909    0.9034       552
        SPEC     0.7522    0.4652    0.5749       561
          IF     0.9618    0.9869    0.9742       383
       ADV_I     0.8141    0.9147    0.8615       340
     ADV_EXM     0.8955    0.9379    0.9162       338
        MORP     0.8780    0.8690    0.8735       290
    ADV_NEGG     0.8372    0.8926    0.8640       242
       V_IMP     0.8405    0.9375    0.8864       208
         ADV     0.7465    0.7265    0.7364       223
          PP     0.9256    0.7943    0.8550       141
          PS     0.7843    0.8163    0.8000        49
          OH     0.9750    0.7091    0.8211        55
        MQUA     0.1750    0.4118    0.2456        17
         INT     0.5217    0.3636    0.4286        33
     DEFAULT     0.0000    0.0000    0.0000        48
          NP     0.0000    0.0000    0.0000         3
          NN     0.0000    0.0000    0.0000         2
         ADJ     0.0000    0.0000    0.0000         1

   micro avg     0.9751    0.9751    0.9751    253370
   macro avg     0.7879    0.7877    0.7840    253370
weighted avg     0.9752    0.9751    0.9749    253370
 samples avg     0.9751    0.9751    0.9751    253370

Loss: 0.13522566854953766'